         Q1            
-----------------------
Time    |   Avg Time   
(0, 13.011731537503936)  |  (1, 12.69424879339034)
(0, 13.011731537503936)  |  (1, 12.69424879339034)
(0, 13.011731537503936)  |  (1, 12.69424879339034)
(0, 13.011731537503936)  |  (1, 12.69424879339034)
(0, 13.011731537503936)  |  (1, 12.69424879339034)
(0, 13.011731537503936)  |  (1, 12.69424879339034)
(0, 13.011731537503936)  |  (1, 12.69424879339034)
(0, 13.011731537503936)  |  (1, 12.69424879339034)
(0, 13.011731537503936)  |  (1, 12.69424879339034)
(0, 13.011731537503936)  |  (1, 12.69424879339034)
(0, 13.011731537503936)  |  (1, 12.69424879339034)
(0, 13.011731537503936)  |  (1, 12.69424879339034)
(0, 13.011731537503936)  |  (1, 12.69424879339034)
(0, 13.011731537503936)  |  (1, 12.69424879339034)
(0, 13.011731537503936)  |  (1, 12.69424879339034)
(0, 13.011731537503936)  |  (1, 12.69424879339034)
(0, 13.011731537503936)  |  (1, 12.69424879339034)
(0, 13.011731537503936)  |  (1, 12.69424879339034)
(0, 13.011731537503936)  |  (1, 12.69424879339034)
(0, 13.011731537503936)  |  (1, 12.69424879339034)
(0, 13.011731537503936)  |  (1, 12.69424879339034)
(0, 13.011731537503936)  |  (1, 12.69424879339034)
(0, 13.011731537503936)  |  (1, 12.69424879339034)
(0, 13.011731537503936)  |  (1, 12.69424879339034)
--- 219.504527092 seconds for Q1 using RDD ---
+-----+------------------+
|start|     avg(duration)|
+-----+------------------+
|   00|14.014732218495666|
|   01|13.971026902993223|
|   02|13.031247770806884|
|   03|12.381880976344286|
|   04|13.799096847846748|
|   05| 13.27474203678781|
|   06|12.487023011525073|
|   07|13.395006418527373|
|   08|14.626919176562348|
|   09| 14.66877399163743|
|   10|14.657253383754934|
|   11| 14.93487388589339|
|   12|  15.1296123774549|
|   13|15.552627873251886|
|   14|  16.5220609090768|
|   15|30.211548179083874|
|   16|17.211297781030606|
|   17| 16.50971711790779|
|   18|15.289086069641007|
|   19|14.219330238513901|
|   20|13.574330702255745|
|   21|13.509544933658109|
|   22| 14.23033952575753|
|   23|13.956139401824828|
+-----+------------------+

--- 47.6231498718 seconds for Q1 using SQL with csv ---
+-----+------------------+
|start|     avg(duration)|
+-----+------------------+
|   00| 14.01473221849536|
|   01|13.971026902993286|
|   02|13.031247770806862|
|   03| 12.38188097634433|
|   04|13.799096847846922|
|   05|13.274742036787718|
|   06|12.487023011525176|
|   07|13.395006418527243|
|   08|14.626919176562463|
|   09|14.668773991637512|
|   10|14.657253383755128|
|   11|14.934873885893436|
|   12|15.129612377454777|
|   13|15.552627873251812|
|   14|16.522060909076835|
|   15| 30.21154817908411|
|   16|  17.2112977810307|
|   17|16.509717117907883|
|   18|15.289086069641018|
|   19|14.219330238513681|
|   20|13.574330702255642|
|   21| 13.50954493365809|
|   22|14.230339525757714|
|   23|13.956139401824828|
+-----+------------------+

--- 76.7033038139 seconds for Q1 using SQL with parquet ---
